n = [0:255];
x = [ 0.756218 -0.285623 -0.971923 -0.358013 -0.225135 -0.466475 0.542528 -0.609668 0.034028 -0.893124 0.180578 -0.828730 -0.702994 -0.573901 -0.879452 -0.009735 -0.072604 0.261330 0.471175 0.264077 0.445357 -0.259743 -0.216163 0.534837 0.635609 -0.724784 -0.478439 0.313028 0.268349 -0.349406 0.047334 -0.637928 0.495895 -0.917783 0.694937 0.736503 -0.012299 -0.937376 -0.516221 -0.113376 0.866207 0.803705 -0.958800 -0.857601 0.505905 0.089145 -0.705924 -0.111606 0.258095 -0.649770 0.492416 -0.257424 -0.835810 0.776543 -0.872372 -0.948057 -0.280496 -0.726493 0.307962 0.016633 -0.249550 -0.918271 -0.847224 0.755547 -0.532456 0.867489 0.769951 -0.374004 -0.243263 -0.901181 -0.623280 0.109897 0.771355 0.520005 0.128513 -0.421857 0.887387 -0.464888 0.216285 0.247536 -0.915281 -0.685232 0.797113 -0.359539 0.816584 0.438154 0.317972 0.861873 0.429365 -0.117649 0.797845 0.004425 0.196448 0.172094 -0.371746 0.996033 -0.972839 -0.497909 0.456710 -0.800287 0.914609 0.644398 -0.285928 0.082064 0.183447 -0.546434 0.349162 0.258278 -0.397992 0.782159 -0.667043 -0.769768 0.419477 0.618275 0.495041 -0.872005 0.391156 0.258889 -0.746391 0.767571 0.855464 -0.669301 0.804132 -0.662587 0.923154 -0.529038 0.325785 0.027253 -0.156835 -0.519150 0.771416 0.909421 -0.393841 -0.235694 0.800958 -0.612293 0.849178 0.864742 0.422407 -0.474960 0.123142 -0.089206 0.902524 0.561632 -0.413007 -0.213477 0.508591 -0.061800 -0.810785 0.834895 0.646107 -0.865169 0.400555 -0.089755 -0.047700 -0.360820 -0.439985 0.590258 0.909909 -0.644337 -0.103427 -0.639210 0.542528 0.769036 0.289163 -0.413923 -0.245033 -0.826228 -0.172460 0.076022 0.880062 0.283303 0.236244 0.064180 -0.004486 -0.470687 -0.775445 -0.591968 -0.427412 0.366436 0.824580 -0.175146 0.019257 -0.107944 -0.219947 -0.025239 -0.319620 -0.904294 0.048921 0.204077 -0.142308 0.050203 0.480758 -0.238380 0.411359 -0.644704 -0.266579 0.299600 0.506394 0.149754 -0.509812 0.472945 0.066256 0.000275 0.039521 -0.552232 0.495468 0.983459 -0.718192 0.133702 0.234535 -0.729362 -0.776605 -0.049959 -0.290384 0.529771 -0.978210 -0.059114 -0.761101 0.455672 0.644276 0.049471 0.458724 0.742058 0.201697 -0.634632 0.831355 -0.192480 -0.978393 -0.842708 -0.202124 0.587573 -0.478866 -0.496933 0.137852 0.705802 -0.056368 -0.670278 -0.901975 -0.663503 -0.978942 0.676809 0.854183 0.071200 0.624622 0.994079 0.866085 0.101291 -0.533860 0.287637 -0.309183 -0.970153 -0.087069 0.925657 0.814997 -0.374859 ];
Xre = [ -2.586869 -12.430978 6.189074 0.940701 -2.182788 -4.697223 3.664020 -0.775039 1.791653 3.602502 -5.206426 0.116484 -1.362779 -1.210881 1.751242 9.146626 -1.482348 1.750384 -4.025828 -8.546511 4.285992 10.958922 -0.604263 4.362220 13.426483 1.249368 -6.555993 7.726284 -0.133269 -12.791277 3.376162 9.426950 -1.487315 -3.438310 -3.986920 -4.422736 13.971947 -5.560358 -0.716937 8.320315 -7.214002 -3.629815 -11.526073 11.488479 1.710400 1.502346 -7.159596 5.372285 -9.886308 2.124295 6.030752 1.527025 7.572237 5.229854 -3.086029 -11.227922 -1.966398 8.288183 -2.323352 -8.962379 -5.269901 -2.140635 0.748963 1.314556 -6.957789 4.191410 -4.432780 -1.048957 4.741021 0.363116 5.212348 5.640007 2.913034 4.123423 1.442908 8.993002 -2.941322 13.840524 -0.268502 5.076588 -7.900703 3.678603 8.665967 -4.345657 9.419959 -9.799869 11.719264 6.292296 11.323863 -3.161607 -6.468568 3.666360 0.325253 -6.595330 17.222792 -10.014494 -4.260062 7.538087 -2.062647 2.688760 -7.276229 8.729223 0.473242 6.910101 -1.456484 7.739941 1.684437 1.181391 -4.698218 -9.860740 0.215539 4.594659 -0.239656 5.412511 -6.253223 -2.834469 -7.036211 -2.612754 4.514171 3.598163 8.110612 1.454990 5.681800 -7.617199 3.674622 3.154925 6.904190 -7.174017 18.610060 -7.175895 6.885907 3.152644 3.677704 -7.613562 5.685855 1.437844 8.105239 3.608230 4.521955 -2.610500 -7.024900 -2.840612 -6.258893 5.396053 -0.240179 4.600953 0.230855 -9.869061 -4.691017 1.172522 1.696657 7.725550 -1.453895 6.929920 0.484445 8.733140 -7.276051 2.687315 -2.035563 7.549108 -4.282351 -10.015122 17.201183 -6.587605 0.333121 3.661901 -6.466763 -3.174885 11.318270 6.299441 11.719073 -9.800611 9.407040 -4.319739 8.687589 3.675280 -7.920152 5.080312 -0.276357 13.850059 -2.932388 8.996400 1.434892 4.118086 2.903007 5.663063 5.215724 0.400562 4.752085 -1.010370 -4.413366 4.210474 -6.953609 1.290965 0.754875 -2.141189 -5.234950 -8.941761 -2.331908 8.293953 -1.968612 -11.230751 -3.099779 5.219160 7.565801 1.521230 6.024306 2.143311 -9.879179 5.391272 -7.138249 1.483256 1.707237 11.480740 -11.540195 -3.626552 -7.217919 8.306589 -0.725779 -5.581217 13.983406 -4.420075 -3.993456 -3.436928 -1.490644 9.414715 3.380707 -12.796123 -0.161192 7.702808 -6.570202 1.210557 13.404430 4.355330 -0.612229 10.973457 4.306943 -8.532339 -4.013619 1.748259 -1.479055 9.158483 1.763655 -1.190751 -1.354137 0.103816 -5.224643 3.584836 1.787358 -0.782449 3.653625 -4.711122 -2.172186 0.940698 6.187870 -12.424836 ];
Xim = [ 0.000000 0.829034 5.793440 0.085067 -5.547343 10.329672 8.410522 5.369648 3.959164 8.449083 9.535995 8.750407 -2.658828 -7.366752 -2.330414 -6.022800 -3.658638 -0.099305 -7.458523 -2.615531 -3.304796 -5.748728 4.504721 6.570167 9.402779 13.838089 5.973463 11.123752 8.930337 2.941045 2.666985 5.249130 -2.673479 -2.726269 3.992828 3.342332 -5.960386 7.697501 6.002956 4.427190 -2.125625 -2.393714 12.868543 8.967578 0.220615 7.805805 -10.828364 -9.831471 -2.257545 -4.343331 5.788759 4.151301 2.809291 0.390248 0.924972 0.911472 5.728179 -3.149141 0.076018 -11.721031 -15.186479 4.765872 0.494423 13.863436 1.299920 -6.131518 -7.027613 -14.072530 -0.625345 -15.276691 2.985731 -9.762319 7.125608 4.515552 6.818056 -1.151781 -2.987974 -4.805137 1.045940 -4.966782 10.273457 5.808864 -12.197416 -13.850861 6.152016 2.190967 4.372585 -4.645350 -2.499764 -0.188574 -2.043253 2.690125 -6.125515 -1.276236 9.627739 -4.909175 14.890268 -4.770403 -15.438031 -0.021173 2.241344 0.795768 -5.740217 -11.390904 -2.303256 6.148117 -10.973415 -0.407025 -8.414546 5.377110 -3.794248 -2.081175 0.163216 6.326684 0.328505 3.477657 -3.182000 5.347582 1.650314 -1.473575 3.889220 8.526600 -4.277314 -1.642638 2.140054 3.339117 8.957912 3.891613 -0.010983 -3.866568 -8.966787 -3.347135 -2.150012 1.655228 4.272751 -8.524451 -3.908231 1.464769 -1.657617 -5.345937 3.192599 -3.472708 -0.318077 -6.341575 -0.172059 2.065230 3.791235 -5.365459 8.415942 0.400723 10.971699 -6.161192 2.297523 11.376436 5.747480 -0.804767 -2.226479 0.010521 15.445519 4.776000 -14.874113 4.929455 -9.659435 1.281711 6.125439 -2.694910 2.055028 0.194703 2.478624 4.638925 -4.389582 -2.173059 -6.179539 13.851715 12.193831 -5.800256 -10.259084 4.953280 -1.045945 4.779362 2.998872 1.143515 -6.815754 -4.525418 -7.142347 9.742525 -3.003476 15.271486 0.616887 14.076916 7.048191 6.140300 -1.267400 -13.859446 -0.499780 -4.771223 15.190792 11.750296 -0.056360 3.147921 -5.712842 -0.883954 -0.912397 -0.392501 -2.816170 -4.149844 -5.802793 4.335610 2.275441 9.825598 10.861055 -7.788945 -0.209158 -8.975344 -12.846412 2.397694 2.146071 -4.433826 -5.996740 -7.689929 5.934140 -3.327818 -3.984273 2.734653 2.685901 -5.256599 -2.665582 -2.906426 -8.920347 -11.135408 -5.959940 -13.843170 -9.439273 -6.593133 -4.522309 5.712608 3.288269 2.624103 7.463497 0.095617 3.659052 6.007488 2.331275 7.377792 2.679035 -8.735165 -9.520023 -8.456365 -3.964481 -5.368864 -8.421234 -10.334707 5.538775 -0.090123 -5.811847 -0.816479 ];
